[[0, 816.0, 0.4, 356.0],
 [4, 475.0, 0.9, 225.0],
 [7, 1526.0, 0.6, 356.0],
 [12, 1216.0, 0.6, 251.0],
 [16, 149.0, 0.5, 370.0],
 [17, 1323.0, 1.0, 288.0],
 [18, 607.0, 0.7, 359.0],
 [19, 579.0, 0.5, 130.0],
 [20, 950.0, 0.6, 207.0],
 [22, 858.0, 1.2, 124.0],
 [23, 1609.0, 0.5, 208.0],
 [25, 1330.0, 0.8, 343.0],
 [27, 128.0, 0.9, 384.0],
 [29, 1343.0, 1.1, 379.0]]

Грузоподъёмность рюкзака: 13000.0 
Вес сложенного груза: 12909.0 
Вместимость рюкзака: 12.0 
Объем сложенного груза: 10.3 
Ценность сложенного груза: 3980.0